NodeSize
10

EdgeSize
16

TripleSize
40

CutConstraintSize
2

IncidentMatrix
0 1 2 3 
0 4 5 
1 6 7 8 
4 9 10 
5 9 11 
2 11 12 
6 12 13 
7 13 14 
8 14 15 
3 10 15 

Triples
0 2 12 
0 3 15 
0 4 9 
0 5 9 
1 2 11 
1 3 10 
1 6 13 
1 8 14 
2 0 5 
2 1 6 
2 11 5 
2 12 6 
2 12 13 
3 0 4 
3 1 8 
3 10 4 
3 15 8 
3 15 14 
4 5 11 
4 9 11 
4 10 15 
5 4 10 
5 9 10 
5 11 12 
6 7 14 
6 12 11 
6 13 14 
7 6 12 
7 8 15 
7 13 12 
7 14 15 
8 7 13 
8 14 13 
8 15 10 
9 10 15 
9 11 12 
10 15 14 
11 12 13 
12 13 14 
13 14 15 

CutConstraints
0 10 11
1 12 15
