0 2 1 3 
0 2 5 3 
0 2 5 6 
0 8 1 2 
0 8 11 10 
0 11 8 10 
0 11 10 8 
0 11 10 9 
1 2 0 8 
1 2 0 11 
1 2 5 3 
1 2 5 6 
1 3 5 6 
1 3 7 6 
1 4 7 3 
1 4 7 6 
1 4 9 8 
1 4 9 10 
1 8 0 11 
1 8 9 10 
2 0 8 11 
2 0 11 8 
2 0 11 10 
2 1 3 5 
2 5 3 6 
2 5 6 3 
2 5 6 7 
3 1 4 9 
3 5 6 7 
3 6 7 4 
3 7 4 9 
3 7 6 5 
4 1 3 7 
4 1 8 9 
4 7 3 6 
4 7 6 5 
4 9 8 10 
4 9 10 8 
4 9 10 11 
5 2 0 8 
5 2 0 11 
5 2 1 8 
5 3 6 7 
5 6 3 7 
6 7 4 9 
7 4 1 8 
7 4 9 8 
7 4 9 10 
8 0 11 10 
8 9 10 11 
8 11 10 9 
9 8 10 11 
9 10 8 11 
